"1f&B","CPo6U","name","(",""
"V/|o","","PETaE","","8%"
"","V\/","B","","!s"
"k-b","#V;\","*`_","","9v><\"
"G{\+k","n","X;|N","9-L","mvR"
" Q4","","","j1`GE","]WB=W"
